RDA2
A
2
134657
131840
1026
1
9
5
prior
787
2
14
46
0.05
0.07000000000000001
0.09
0.11
0.13
0.15
0.17
0.19
0.21
0.23
0.25
0.27
0.29
0.31
0.33
0.35
0.37
0.39
0.41
0.43
0.45
0.47
0.49
0.51
0.53
0.55
0.5700000000000001
0.5900000000000001
0.6100000000000001
0.63
0.65
0.67
0.6900000000000001
0.7100000000000001
0.7300000000000001
0.7500000000000001
0.77
0.79
0.8100000000000001
0.8300000000000001
0.8500000000000001
0.8700000000000001
0.89
0.91
0.93
0.95
14
46
2.750245086664271e-18
1.541213745156997e-14
7.721590746521852e-12
8.743905931354431e-10
3.646651344430546e-08
7.39994160303666e-07
8.687284762838716e-06
6.616882915128934e-05
0.000354095238792915
0.001409907567580897
0.004358235954167084
0.01080034966801625
0.02199407853540099
0.03752034133331276
0.05443432062399534
0.06796706914631641
0.07373693962387556
0.07006539033708596
0.05876871229603602
0.04398552100863022
0.03004162489234099
0.01978891845469133
0.01415875222650578
0.0126950783276939
0.01437420240459867
0.01818005590062946
0.02330013957929503
0.02907515696470121
0.03488530013750813
0.04008539094648837
0.0440200126138415
0.04610290032912828
0.04592711698942641
0.04336823884930922
0.03864465154938157
0.03230764173128556
0.02515101279455573
0.01805383890163369
0.01179448392963687
0.006889777917711691
0.003511252777791847
0.001506735935340849
0.0005159712084721259
0.00012931539024873
2.035820852141956e-05
1.476249335808625e-06
1026
1
9
5
names
16
2
9
5
theta
9
4
prob
1026
1
9
9
row.names
13
2
NA
-46
1026
1
9
5
class
16
1
9
10
data.frame
254
254
